bidirectional: false
dropout: 0.36453429202609255
hidden_dim: 44
input_dim: 2
learning_rate: 0.002304101951078044
num_layers: 1
output_dim: 1
