bidirectional: false
dropout: 0.4338712232372122
hidden_dim: 81
input_dim: 2
learning_rate: 0.027526358986237023
num_layers: 2
output_dim: 1
