bidirectional: false
dropout: 0.023438314109273717
hidden_dim: 16
input_dim: 2
learning_rate: 0.000634992006201765
num_layers: 2
output_dim: 1
