bidirectional: false
dropout: 0.08033499143622913
hidden_dim: 30
input_dim: 2
learning_rate: 0.008134233411603556
num_layers: 2
output_dim: 1
