bidirectional: false
dropout: 0.4619908552466968
hidden_dim: 77
input_dim: 2
learning_rate: 0.005389392439124823
num_layers: 1
output_dim: 1
