bidirectional: false
dropout: 0.06064632216705379
hidden_dim: 58
input_dim: 2
learning_rate: 0.05726244148504161
num_layers: 3
output_dim: 1
