bidirectional: false
dropout: 0.010454300823487694
hidden_dim: 42
input_dim: 2
learning_rate: 0.05738663557134362
num_layers: 1
output_dim: 1
