bidirectional: false
dropout: 0.30033453484034306
hidden_dim: 35
input_dim: 2
learning_rate: 0.014549235279298198
num_layers: 1
output_dim: 1
