bidirectional: false
dropout: 0.14030837479410274
hidden_dim: 16
input_dim: 2
learning_rate: 0.0010798719134532209
num_layers: 2
output_dim: 1
