bidirectional: false
dropout: 0.046061538969876914
hidden_dim: 16
input_dim: 2
learning_rate: 1.1563006940856704e-05
num_layers: 2
output_dim: 1
