bidirectional: false
dropout: 0.2335384775930881
hidden_dim: 31
input_dim: 2
learning_rate: 0.0031155059955901986
num_layers: 2
output_dim: 1
