bidirectional: false
dropout: 0.15164573202716658
hidden_dim: 48
input_dim: 2
learning_rate: 1.5747481594368466e-05
num_layers: 3
output_dim: 1
