bidirectional: false
dropout: 0.23969239634265027
hidden_dim: 21
input_dim: 2
learning_rate: 0.0014864672415665593
num_layers: 1
output_dim: 1
