bidirectional: false
dropout: 0.30232262452555664
hidden_dim: 26
input_dim: 2
learning_rate: 0.00022001514964863121
num_layers: 1
output_dim: 1
